 4.33826038e-05  1.57109377e-02 -1.91945809e-02 -1.13726774e-02
  8.87597825e-03 -6.31739992e-03  1.91811048e-02 -2.46898050e-02
 -2.64713883e-02 -8.73638835e-03  8.47107734e-04 -1.53335551e-02
  2.70721020e-02\-0.00017645  0.0416534   0.03060988 -0.05929819  0.00963573 -0.03521545
 -0.05516619  0.01397861  0.01212164 -0.02183343 -0.00796822 -0.01502722
 -0.02320649\-0.00046297 -0.07064448  0.00791234  0.02434701 -0.01024089  0.04311757
  0.02176238 -0.01090933 -0.01343932 -0.0160553  -0.02136618  0.0396986
 -0.02795617\ 7.28250869e-05 -1.56518100e-02 -1.96958660e-02  2.29343187e-02
 -2.87725501e-02 -8.31356855e-03 -1.28721014e-02  1.00223376e-02
  1.22416380e-02  1.91153372e-02  3.31279958e-03 -1.21996447e-02
 -1.09379382e-02